# sample cycles_per_sample (sum over T of: first spike push -> done)
0 147472
1 152568
2 167008
3 183556
4 206000
5 215784
6 160664
7 251872
8 166588
9 146928
10 193100
11 164384
12 153268
13 177048
14 180144
15 274788
16 157884
17 145748
18 212440
19 213748
20 178732
21 147244
22 189292
23 168768
24 152844
25 146424
26 217300
27 244284
28 164984
29 160296
30 187948
31 151428
32 154184
33 139436
34 202544
35 146520
36 147128
37 159248
38 153828
39 211132
40 151116
41 136652
42 180508
43 169696
44 142560
45 172040
46 182260
47 147372
48 146592
49 146900
50 249384
51 219104
52 141040
53 153520
54 184112
55 170860
56 149864
57 137612
58 197972
59 155600
60 150036
61 145196
62 168636
63 148696
